   0.0000000e+00   0.0000000e+00   6.9474323e-01
   0.0000000e+00   1.0000000e+00   9.7273389e-01
   0.0000000e+00   2.0000000e+00   3.2775496e-01
   0.0000000e+00   3.0000000e+00   8.3780318e-01
   0.0000000e+00   4.0000000e+00   7.3907223e-01
   0.0000000e+00   5.0000000e+00   9.5417446e-01
   0.0000000e+00   6.0000000e+00   3.1922630e-02
   0.0000000e+00   7.0000000e+00   3.5686899e-01
   0.0000000e+00   8.0000000e+00   6.6265383e-01
   0.0000000e+00   9.0000000e+00   2.8150156e-01
   0.0000000e+00   1.0000000e+01   2.3038307e-01
   1.0000000e+00   0.0000000e+00   7.1112855e-01
   1.0000000e+00   1.0000000e+00   6.2457292e-01
   1.0000000e+00   2.0000000e+00   5.9060865e-01
   1.0000000e+00   3.0000000e+00   6.6043797e-01
   1.0000000e+00   4.0000000e+00   4.7554673e-02
   1.0000000e+00   5.0000000e+00   3.4878481e-01
   1.0000000e+00   6.0000000e+00   4.5134058e-01
   1.0000000e+00   7.0000000e+00   2.4090500e-01
   1.0000000e+00   8.0000000e+00   7.1504501e-01
   1.0000000e+00   9.0000000e+00   8.5618229e-01
   1.0000000e+00   1.0000000e+01   2.8150770e-01
   2.0000000e+00   0.0000000e+00   7.3105083e-01
   2.0000000e+00   1.0000000e+00   1.3776289e-01
   2.0000000e+00   2.0000000e+00   8.3672278e-01
   2.0000000e+00   3.0000000e+00   1.3860172e-01
   2.0000000e+00   4.0000000e+00   5.8820939e-01
   2.0000000e+00   5.0000000e+00   3.6615680e-01
   2.0000000e+00   6.0000000e+00   8.0675954e-01
   2.0000000e+00   7.0000000e+00   5.0378079e-01
   2.0000000e+00   8.0000000e+00   4.8959434e-01
   2.0000000e+00   9.0000000e+00   8.7704872e-01
   2.0000000e+00   1.0000000e+01   3.5314181e-01
   3.0000000e+00   0.0000000e+00   4.4944356e-01
   3.0000000e+00   1.0000000e+00   9.6353029e-01
   3.0000000e+00   2.0000000e+00   4.2297798e-02
   3.0000000e+00   3.0000000e+00   9.7295833e-01
   3.0000000e+00   4.0000000e+00   1.8920684e-01
   3.0000000e+00   5.0000000e+00   6.6712030e-01
   3.0000000e+00   6.0000000e+00   5.8643961e-01
   3.0000000e+00   7.0000000e+00   6.7511242e-01
   3.0000000e+00   8.0000000e+00   3.6102205e-01
   3.0000000e+00   9.0000000e+00   6.2027843e-01
   3.0000000e+00   1.0000000e+01   8.1115089e-01
   4.0000000e+00   0.0000000e+00   1.9257477e-02
   4.0000000e+00   1.0000000e+00   8.3873508e-02
   4.0000000e+00   2.0000000e+00   9.7480167e-01
   4.0000000e+00   3.0000000e+00   6.5134953e-01
   4.0000000e+00   4.0000000e+00   2.3123782e-01
   4.0000000e+00   5.0000000e+00   4.0349114e-01
   4.0000000e+00   6.0000000e+00   1.2202052e-01
   4.0000000e+00   7.0000000e+00   2.6843882e-01
   4.0000000e+00   8.0000000e+00   2.5784617e-01
   4.0000000e+00   9.0000000e+00   3.3166524e-01
   4.0000000e+00   1.0000000e+01   1.5223401e-01
   5.0000000e+00   0.0000000e+00   3.4800766e-01
   5.0000000e+00   1.0000000e+00   1.2165845e-01
   5.0000000e+00   2.0000000e+00   8.8415306e-01
   5.0000000e+00   3.0000000e+00   9.4278390e-02
   5.0000000e+00   4.0000000e+00   9.3004063e-01
   5.0000000e+00   5.0000000e+00   3.9901997e-01
   5.0000000e+00   6.0000000e+00   4.7401462e-02
   5.0000000e+00   7.0000000e+00   3.4237350e-01
   5.0000000e+00   8.0000000e+00   7.3596616e-01
   5.0000000e+00   9.0000000e+00   7.9468216e-01
   5.0000000e+00   1.0000000e+01   5.4490590e-01
   6.0000000e+00   0.0000000e+00   6.8622346e-01
   6.0000000e+00   1.0000000e+00   8.9363270e-01
   6.0000000e+00   2.0000000e+00   5.4791790e-02
   6.0000000e+00   3.0000000e+00   3.0366138e-01
   6.0000000e+00   4.0000000e+00   4.6191556e-02
   6.0000000e+00   5.0000000e+00   1.9547676e-01
   6.0000000e+00   6.0000000e+00   7.2016580e-01
   6.0000000e+00   7.0000000e+00   7.2175327e-01
   6.0000000e+00   8.0000000e+00   8.7779907e-01
   6.0000000e+00   9.0000000e+00   5.8243296e-01
   6.0000000e+00   1.0000000e+01   7.0684335e-02
   7.0000000e+00   0.0000000e+00   9.2274457e-01
   7.0000000e+00   1.0000000e+00   8.0037209e-01
   7.0000000e+00   2.0000000e+00   2.8594686e-01
   7.0000000e+00   3.0000000e+00   5.4366323e-01
   7.0000000e+00   4.0000000e+00   9.8477624e-01
   7.0000000e+00   5.0000000e+00   7.1567807e-01
   7.0000000e+00   6.0000000e+00   8.3896960e-01
   7.0000000e+00   7.0000000e+00   4.3326056e-01
   7.0000000e+00   8.0000000e+00   4.7062472e-01
   7.0000000e+00   9.0000000e+00   5.6071341e-01
   7.0000000e+00   1.0000000e+01   2.6909154e-01
   8.0000000e+00   0.0000000e+00   7.4901847e-01
   8.0000000e+00   1.0000000e+00   5.0388777e-01
   8.0000000e+00   2.0000000e+00   6.4680967e-01
   8.0000000e+00   3.0000000e+00   3.0774558e-01
   8.0000000e+00   4.0000000e+00   1.3872464e-01
   8.0000000e+00   5.0000000e+00   4.7557293e-01
   8.0000000e+00   6.0000000e+00   3.6245928e-01
   8.0000000e+00   7.0000000e+00   7.8811343e-01
   8.0000000e+00   8.0000000e+00   7.8029582e-01
   8.0000000e+00   9.0000000e+00   6.6851221e-01
   8.0000000e+00   1.0000000e+01   1.3350386e-01
   9.0000000e+00   0.0000000e+00   2.1555887e-02
   9.0000000e+00   1.0000000e+00   5.5984071e-01
   9.0000000e+00   2.0000000e+00   3.0081902e-01
   9.0000000e+00   3.0000000e+00   9.3940971e-01
   9.0000000e+00   4.0000000e+00   9.8090364e-01
   9.0000000e+00   5.0000000e+00   2.8662039e-01
   9.0000000e+00   6.0000000e+00   8.0082029e-01
   9.0000000e+00   7.0000000e+00   8.9611135e-01
   9.0000000e+00   8.0000000e+00   5.9752658e-01
   9.0000000e+00   9.0000000e+00   8.8401674e-01
   9.0000000e+00   1.0000000e+01   9.4373154e-01
   1.0000000e+01   0.0000000e+00   5.4915809e-01
   1.0000000e+01   1.0000000e+00   7.2838682e-01
   1.0000000e+01   2.0000000e+00   5.7675830e-01
   1.0000000e+01   3.0000000e+00   2.5857471e-02
   1.0000000e+01   4.0000000e+00   4.4653098e-01
   1.0000000e+01   5.0000000e+00   6.4630196e-01
   1.0000000e+01   6.0000000e+00   5.2120295e-01
   1.0000000e+01   7.0000000e+00   3.7231266e-01
   1.0000000e+01   8.0000000e+00   9.3713467e-01
   1.0000000e+01   9.0000000e+00   8.2953282e-01
   1.0000000e+01   1.0000000e+01   8.4908548e-01
   1.1000000e+01   0.0000000e+00   3.7253424e-01
   1.1000000e+01   1.0000000e+00   5.9318458e-01
   1.1000000e+01   2.0000000e+00   8.7255256e-01
   1.1000000e+01   3.0000000e+00   9.3350161e-01
   1.1000000e+01   4.0000000e+00   6.6846427e-01
   1.1000000e+01   5.0000000e+00   2.0677646e-01
   1.1000000e+01   6.0000000e+00   6.5385059e-01
   1.1000000e+01   7.0000000e+00   7.2051551e-02
   1.1000000e+01   8.0000000e+00   4.0672692e-01
   1.1000000e+01   9.0000000e+00   6.6693153e-01
   1.1000000e+01   1.0000000e+01   9.3372566e-01
   1.2000000e+01   0.0000000e+00   8.1095003e-01
   1.2000000e+01   1.0000000e+00   4.8454827e-01
   1.2000000e+01   2.0000000e+00   7.5674921e-01
   1.2000000e+01   3.0000000e+00   4.1704745e-01
   1.2000000e+01   4.0000000e+00   9.7178599e-01
   1.2000000e+01   5.0000000e+00   9.8797470e-01
   1.2000000e+01   6.0000000e+00   8.6414753e-01
   1.2000000e+01   7.0000000e+00   3.8888378e-01
   1.2000000e+01   8.0000000e+00   4.5474183e-01
   1.2000000e+01   9.0000000e+00   2.4668720e-01
   1.2000000e+01   1.0000000e+01   7.8442309e-01
   1.3000000e+01   0.0000000e+00   8.8283761e-01
   1.3000000e+01   1.0000000e+00   9.1371168e-01
   1.3000000e+01   2.0000000e+00   5.5828492e-01
   1.3000000e+01   3.0000000e+00   5.9886810e-01
   1.3000000e+01   4.0000000e+00   1.4887672e-01
   1.3000000e+01   5.0000000e+00   8.9971348e-01
   1.3000000e+01   6.0000000e+00   4.5039358e-01
   1.3000000e+01   7.0000000e+00   2.0567234e-01
   1.3000000e+01   8.0000000e+00   8.9965099e-01
   1.3000000e+01   9.0000000e+00   7.6258554e-01
   1.3000000e+01   1.0000000e+01   8.8248631e-01
   1.4000000e+01   0.0000000e+00   2.8495022e-01
   1.4000000e+01   1.0000000e+00   6.7322599e-01
   1.4000000e+01   2.0000000e+00   6.6427990e-01
   1.4000000e+01   3.0000000e+00   1.2281499e-01
   1.4000000e+01   4.0000000e+00   4.0731842e-01
   1.4000000e+01   5.0000000e+00   2.7528695e-01
   1.4000000e+01   6.0000000e+00   7.1666974e-01
   1.4000000e+01   7.0000000e+00   2.8338438e-01
   1.4000000e+01   8.0000000e+00   8.9619886e-01
   1.4000000e+01   9.0000000e+00   8.2657889e-01
   1.4000000e+01   1.0000000e+01   3.9002651e-01
   1.5000000e+01   0.0000000e+00   4.9790294e-01
   1.5000000e+01   1.0000000e+00   6.9480519e-01
   1.5000000e+01   2.0000000e+00   8.3436900e-01
   1.5000000e+01   3.0000000e+00   6.0962969e-01
   1.5000000e+01   4.0000000e+00   5.7473716e-01
   1.5000000e+01   5.0000000e+00   2.6512146e-01
   1.5000000e+01   6.0000000e+00   3.1858814e+00
   1.5000000e+01   7.0000000e+00   2.0368236e+00
   1.5000000e+01   8.0000000e+00  -3.1608050e+00
   1.5000000e+01   9.0000000e+00   7.2085567e-01
   1.5000000e+01   1.0000000e+01   1.8612775e-02
   1.6000000e+01   0.0000000e+00   6.7477647e-01
   1.6000000e+01   1.0000000e+00   4.3850882e-01
   1.6000000e+01   2.0000000e+00   4.3782018e-01
   1.6000000e+01   3.0000000e+00   1.1703682e-01
   1.6000000e+01   4.0000000e+00   8.1468169e-01
   1.6000000e+01   5.0000000e+00  -1.5732384e-01
   1.6000000e+01   6.0000000e+00  -1.3633137e+00
   1.6000000e+01   7.0000000e+00  -2.0491061e+00
   1.6000000e+01   8.0000000e+00  -2.4687070e+00
   1.6000000e+01   9.0000000e+00   5.4655379e-01
   1.6000000e+01   1.0000000e+01   5.6192015e-01
   1.7000000e+01   0.0000000e+00   3.9582223e-01
   1.7000000e+01   1.0000000e+00   3.9813088e-01
   1.7000000e+01   2.0000000e+00   5.1536722e-01
   1.7000000e+01   3.0000000e+00   6.5753054e-01
   1.7000000e+01   4.0000000e+00   9.5091520e-01
   1.7000000e+01   5.0000000e+00   5.7761404e-01
   1.7000000e+01   6.0000000e+00  -8.5860601e-01
   1.7000000e+01   7.0000000e+00   1.1160238e-01
   1.7000000e+01   8.0000000e+00  -7.3574713e-01
   1.7000000e+01   9.0000000e+00   6.0466772e-02
   1.7000000e+01   1.0000000e+01   8.4247052e-02
   1.8000000e+01   0.0000000e+00   1.6389832e-01
   1.8000000e+01   1.0000000e+00   3.2421992e-01
   1.8000000e+01   2.0000000e+00   3.0172678e-01
   1.8000000e+01   3.0000000e+00   1.1680991e-02
   1.8000000e+01   4.0000000e+00   5.3990509e-01
   1.8000000e+01   5.0000000e+00  -9.2994673e-01
   1.8000000e+01   6.0000000e+00   7.4192117e-01
   1.8000000e+01   7.0000000e+00   1.4565659e+00
   1.8000000e+01   8.0000000e+00   4.2243203e+00
   1.8000000e+01   9.0000000e+00   9.7422163e-01
   1.8000000e+01   1.0000000e+01   5.7083843e-01
   1.9000000e+01   0.0000000e+00   9.9685021e-01
   1.9000000e+01   1.0000000e+00   5.5354157e-01
   1.9000000e+01   2.0000000e+00   5.1545845e-01
   1.9000000e+01   3.0000000e+00   3.3068207e-01
   1.9000000e+01   4.0000000e+00   4.3000180e-01
   1.9000000e+01   5.0000000e+00   4.9180625e-01
   1.9000000e+01   6.0000000e+00   7.1037084e-02
   1.9000000e+01   7.0000000e+00   8.8773922e-01
   1.9000000e+01   8.0000000e+00   6.4633591e-02
   1.9000000e+01   9.0000000e+00   4.3618496e-01
   1.9000000e+01   1.0000000e+01   8.2662951e-01
   2.0000000e+01   0.0000000e+00   3.9453468e-01
   2.0000000e+01   1.0000000e+00   6.1347488e-01
   2.0000000e+01   2.0000000e+00   8.1864074e-01
   2.0000000e+01   3.0000000e+00   8.8623504e-01
   2.0000000e+01   4.0000000e+00   9.3111163e-01
   2.0000000e+01   5.0000000e+00   1.9078465e-01
   2.0000000e+01   6.0000000e+00   2.5858225e-01
   2.0000000e+01   7.0000000e+00   8.9786568e-01
   2.0000000e+01   8.0000000e+00   5.9336186e-01
   2.0000000e+01   9.0000000e+00   5.0384008e-01
   2.0000000e+01   1.0000000e+01   6.1280959e-01
