   1.0136446e+02   6.8650241e+00   2.6481745e-01
   1.0141443e+02   9.2133137e+00   2.5100052e-01
   1.0145252e+02   8.6724220e+00   2.4223944e-01
   1.0149061e+02   5.8653795e+00   2.3728793e-01
   1.0152870e+02   2.1398348e+00   2.3650866e-01
   1.0156678e+02   8.2659291e-01   2.3741921e-01
   1.0160487e+02   2.8633023e+00   2.3839192e-01
   1.0164296e+02   4.5374723e+00   2.3873741e-01
   1.0169611e+02   7.1166749e+00   2.3615977e-01
   1.0175325e+02   1.0795965e+01   2.2581658e-01
   1.0180303e+02   1.3109200e+01   2.1327154e-01
   1.0184587e+02   1.3065477e+01   2.0381302e-01
   1.0188871e+02   1.1460762e+01   1.9560908e-01
   1.0192451e+02   9.3703865e+00   1.9043905e-01
   1.0195658e+02   8.0449780e+00   1.8841860e-01
   1.0198866e+02   8.2691022e+00   1.8924230e-01
   1.0202074e+02   9.7515954e+00   1.9202483e-01
   1.0205282e+02   1.1421468e+01   1.9559386e-01
   1.0208490e+02   1.2574966e+01   1.9904520e-01
   1.0211698e+02   1.2962510e+01   2.0182758e-01
   1.0214906e+02   1.2646443e+01   2.0366931e-01
   1.0219436e+02   1.1628718e+01   2.0397761e-01
   1.0224256e+02   1.0891265e+01   1.9999080e-01
   1.0229075e+02   1.1394767e+01   1.9190933e-01
   1.0233895e+02   1.4055641e+01   1.8142170e-01
   1.0238715e+02   1.8685684e+01   1.7067273e-01
   1.0243371e+02   2.3239863e+01   1.6293843e-01
   1.0246983e+02   2.5477100e+01   1.6061096e-01
   1.0250595e+02   2.5694637e+01   1.6219055e-01
   1.0254207e+02   2.3736886e+01   1.6662125e-01
   1.0257818e+02   2.0307150e+01   1.7147452e-01
   1.0261430e+02   1.6728130e+01   1.7376064e-01
   1.0265042e+02   1.3852318e+01   1.7199656e-01
   1.0268654e+02   1.1945024e+01   1.6699946e-01
   1.0272266e+02   1.1153776e+01   1.6063440e-01
   1.0277487e+02   1.1701047e+01   1.5234517e-01
   1.0282906e+02   1.3135587e+01   1.4734512e-01
   1.0288326e+02   1.4027141e+01   1.4807610e-01
   1.0293746e+02   1.2510428e+01   1.5397112e-01
   1.0299166e+02   8.2423669e+00   1.6012131e-01
   1.0304586e+02   6.0969156e+00   1.6245489e-01
   1.0310006e+02   8.2245188e+00   1.6080357e-01
   1.0315426e+02   1.1563707e+01   1.5690532e-01
   1.0320846e+02   1.4343934e+01   1.5102344e-01
   1.0326266e+02   1.5532189e+01   1.4211945e-01
   1.0331685e+02   1.5320839e+01   1.2984145e-01
   1.0337105e+02   1.3911854e+01   1.1728195e-01
   1.0342525e+02   1.1928917e+01   1.0801593e-01
   1.0347945e+02   1.0507894e+01   1.0191825e-01
   1.0353365e+02   9.6788117e+00   9.8426653e-02
   1.0358785e+02   8.6979411e+00   9.9744760e-02
   1.0364205e+02   8.6025085e+00   1.0622890e-01
   1.0369625e+02   1.0587852e+01   1.1125714e-01
   1.0375044e+02   1.0901119e+01   1.1357770e-01
   1.0380464e+02   9.2827462e+00   1.1345617e-01
   1.0385884e+02   7.2431476e+00   1.1194166e-01
   1.0391304e+02   5.7267145e+00   1.1059905e-01
   1.0396724e+02   3.9910366e+00   1.1084582e-01
   1.0402144e+02   1.9513257e+00   1.1256090e-01
   1.0407564e+02   1.9598663e+00   1.1400937e-01
   1.0412984e+02   3.9856952e+00   1.1418886e-01
   1.0418403e+02   6.3254454e+00   1.1317086e-01
   1.0423823e+02   8.4422698e+00   1.1161753e-01
   1.0429243e+02   1.0096596e+01   1.1073076e-01
   1.0434663e+02   1.0293602e+01   1.1097854e-01
   1.0440083e+02   8.0318061e+00   1.1225978e-01
   1.0445503e+02   5.7212942e+00   1.1430700e-01
   1.0450923e+02   7.0204505e+00   1.1564435e-01
   1.0456343e+02   9.4904913e+00   1.1527416e-01
   1.0461762e+02   1.1469731e+01   1.1347907e-01
   1.0467182e+02   1.2982115e+01   1.1131404e-01
   1.0472602e+02   1.3361958e+01   1.1231380e-01
   1.0478022e+02   1.0806114e+01   1.1785292e-01
   1.0483442e+02   7.3389307e+00   1.2069911e-01
   1.0488862e+02   5.3773890e+00   1.2005800e-01
   1.0494282e+02   5.2470817e+00   1.2023569e-01
   1.0499702e+02   5.3437220e+00   1.2169882e-01
   1.0505122e+02   4.8331482e+00   1.2343637e-01
   1.0510541e+02   3.6315664e+00   1.2438507e-01
   1.0515961e+02   2.3217115e+00   1.2473501e-01
   1.0521381e+02   2.2765950e+00   1.2571263e-01
   1.0526801e+02   4.0273753e+00   1.2814785e-01
   1.0532221e+02   4.9735806e+00   1.3195076e-01
   1.0537641e+02   4.2173901e+00   1.3644310e-01
   1.0543061e+02   2.5956452e+00   1.4095378e-01
   1.0548481e+02   1.3591369e+00   1.4520423e-01
   1.0553900e+02   1.1499794e+00   1.4946116e-01
   1.0559320e+02   1.8575950e+00   1.5418392e-01
   1.0564740e+02   2.6713515e+00   1.5967976e-01
   1.0570160e+02   3.9664439e+00   1.6608137e-01
   1.0575580e+02   5.4305472e+00   1.7251054e-01
   1.0581000e+02   6.3185546e+00   1.7759067e-01
   1.0586420e+02   6.5769523e+00   1.8097621e-01
   1.0591840e+02   6.0775097e+00   1.8254445e-01
   1.0597259e+02   4.5094412e+00   1.8250073e-01
   1.0602679e+02   2.9246254e+00   1.8217511e-01
   1.0608099e+02   2.7388775e+00   1.8389481e-01
   1.0613519e+02   2.8274443e+00   1.8810871e-01
   1.0618939e+02   3.6786848e+00   1.9400308e-01
   1.0624359e+02   4.2886268e+00   1.9822752e-01
   1.0629779e+02   3.8670064e+00   2.0068704e-01
   1.0635199e+02   3.7105030e+00   2.0376640e-01
   1.0640618e+02   4.3816790e+00   2.0827848e-01
   1.0646038e+02   5.2122225e+00   2.1495659e-01
   1.0651458e+02   6.0361470e+00   2.2402830e-01
   1.0656878e+02   4.9723916e+00   2.3283721e-01
   1.0662298e+02   2.0676316e+00   2.4158522e-01
   1.0667718e+02   1.2968959e+00   2.4878091e-01
   1.0673138e+02   2.0406060e+00   2.5105043e-01
   1.0678558e+02   3.3035312e+00   2.5109167e-01
   1.0683978e+02   5.9005147e+00   2.5240935e-01
   1.0689397e+02   6.1844649e+00   2.5591072e-01
   1.0694817e+02   3.3007220e+00   2.6327701e-01
   1.0700237e+02   4.5232471e-01   2.7130853e-01
   1.0705657e+02   2.0961880e-01   2.7548147e-01
   1.0711077e+02   1.2580692e+00   2.7765019e-01
   1.0716497e+02   3.3120037e+00   2.8124950e-01
   1.0721917e+02   3.4445016e+00   2.8566404e-01
   1.0727337e+02   1.5616922e+00   2.9179100e-01
   1.0732756e+02   5.2818832e-01   2.9726369e-01
   1.0738176e+02   1.3126087e+00   3.0049954e-01
   1.0743596e+02   3.0706239e+00   3.0291173e-01
   1.0749016e+02   4.4911433e+00   3.0327835e-01
   1.0754436e+02   4.0234120e+00   3.0329292e-01
   1.0759856e+02   1.8566458e+00   3.0721691e-01
   1.0765276e+02   1.8507168e+00   3.1237351e-01
   1.0770696e+02   2.0858903e+00   3.1728358e-01
   1.0776115e+02   1.7076935e+00   3.2268932e-01
   1.0781535e+02   1.9929852e+00   3.2662755e-01
   1.0786955e+02   1.5829002e+00   3.2938669e-01
   1.0792375e+02   2.9825753e-01   3.3291443e-01
   1.0797795e+02   2.9955233e-01   3.3477840e-01
   1.0803215e+02   6.6228945e-01   3.3579387e-01
   1.0808635e+02   2.1453481e+00   3.3705125e-01
   1.0814055e+02   2.8476959e+00   3.3750630e-01
   1.0819474e+02   2.2718388e+00   3.3841182e-01
   1.0824894e+02   1.4693365e+00   3.4044705e-01
   1.0830314e+02   1.4806647e+00   3.4323934e-01
   1.0835734e+02   1.2995091e+00   3.4673285e-01
   1.0841154e+02   1.5118635e+00   3.4973699e-01
   1.0846574e+02   1.5064259e+00   3.5221198e-01
   1.0851994e+02   6.7143961e-01   3.5532586e-01
   1.0857414e+02   3.6497221e-01   3.5782873e-01
   1.0862834e+02   8.3074743e-01   3.5939040e-01
   1.0868253e+02   9.0243351e-01   3.6226177e-01
   1.0873673e+02   1.2507942e+00   3.6521013e-01
   1.0879093e+02   1.0350531e+00   3.6727531e-01
   1.0884513e+02   4.3649673e-01   3.7001566e-01
   1.0889933e+02   6.6679535e-01   3.7197980e-01
   1.0895353e+02   3.2615731e-01   3.7325394e-01
   1.0900773e+02   9.2701971e-01   3.7514685e-01
   1.0906193e+02   1.5940577e+00   3.7648397e-01
   1.0911612e+02   1.2030668e+00   3.7781063e-01
   1.0917032e+02   4.3392527e-01   3.8028467e-01
   1.0922452e+02   1.0581810e+00   3.8302067e-01
   1.0927872e+02   1.1028726e+00   3.8637567e-01
   1.0933292e+02   1.1633877e+00   3.9017349e-01
   1.0938712e+02   1.3049255e+00   3.9255894e-01
   1.0944132e+02   6.8971398e-01   3.9437630e-01
   1.0949552e+02   1.1020373e+00   3.9750438e-01
   1.0954971e+02   2.0187804e+00   4.0045115e-01
   1.0960391e+02   1.7744569e+00   4.0345546e-01
   1.0965811e+02   7.2571860e-01   4.0682005e-01
   1.0971231e+02   1.7146720e-01   4.0828478e-01
   1.0976651e+02   7.3244093e-01   4.0896180e-01
   1.0982071e+02   1.3859025e+00   4.1062391e-01
   1.0987491e+02   1.6232305e+00   4.1249440e-01
   1.0992911e+02   1.0146687e+00   4.1555210e-01
   1.0998330e+02   1.0951462e+00   4.1918442e-01
   1.1003750e+02   1.4338350e+00   4.2128283e-01
   1.1009170e+02   9.6656496e-01   4.2343998e-01
   1.1014590e+02   1.1209807e+00   4.2685988e-01
   1.1020010e+02   1.3106864e+00   4.2970695e-01
   1.1025430e+02   4.3221740e-01   4.3378585e-01
   1.1030850e+02   1.1205523e+00   4.3918497e-01
   1.1036270e+02   1.5602387e+00   4.4232666e-01
   1.1041690e+02   6.4697662e-01   4.4499556e-01
   1.1047109e+02   9.4082074e-01   4.4941700e-01
   1.1052529e+02   1.8913731e+00   4.5235196e-01
   1.1057949e+02   1.6445219e+00   4.5568645e-01
   1.1063369e+02   1.0786345e+00   4.6064071e-01
   1.1068789e+02   6.2240537e-01   4.6284474e-01
   1.1074209e+02   8.1871197e-01   4.6486909e-01
   1.1079629e+02   2.2586022e+00   4.6872540e-01
   1.1085049e+02   2.6110432e+00   4.7125617e-01
   1.1090468e+02   1.4276969e+00   4.7471446e-01
   1.1095888e+02   1.4310539e+00   4.8075074e-01
   1.1101308e+02   2.1592923e+00   4.8510861e-01
   1.1106728e+02   1.6463082e+00   4.8945412e-01
   1.1112148e+02   1.5767976e+00   4.9530630e-01
   1.1117568e+02   1.8027745e+00   4.9899097e-01
   1.1122988e+02   6.1533223e-01   5.0262597e-01
   1.1128408e+02   1.0580255e+00   5.0838336e-01
   1.1133827e+02   1.7049154e+00   5.1146098e-01
   1.1139247e+02   8.7792913e-01   5.1355287e-01
   1.1144667e+02   1.0277635e+00   5.1820049e-01
   1.1150087e+02   1.4194180e+00   5.2138739e-01
   1.1155507e+02   2.3121422e-01   5.2398608e-01
   1.1160927e+02   1.7245432e+00   5.2929482e-01
   1.1166347e+02   2.5760018e+00   5.3316643e-01
   1.1171767e+02   1.6656346e+00   5.3522310e-01
   1.1177187e+02   1.2240237e+00   5.3933760e-01
   1.1182606e+02   2.5043368e+00   5.4350971e-01
   1.1188026e+02   2.1436791e+00   5.4788333e-01
   1.1193446e+02   9.8854122e-01   5.5527564e-01
   1.1198866e+02   1.3578421e+00   5.6123726e-01
   1.1204286e+02   8.4220797e-01   5.6388567e-01
   1.1209706e+02   1.0931322e+00   5.6750473e-01
   1.1215126e+02   2.5212582e+00   5.7267658e-01
   1.1220546e+02   2.3082848e+00   5.7687045e-01
   1.1225965e+02   8.8021063e-01   5.8178444e-01
   1.1231385e+02   1.8271180e+00   5.8749235e-01
   1.1236805e+02   2.3069193e+00   5.9167655e-01
   1.1242225e+02   1.3883159e+00   5.9432087e-01
   1.1247645e+02   1.0606074e+00   5.9821412e-01
   1.1253065e+02   1.6455360e+00   6.0253286e-01
   1.1258485e+02   1.1575217e+00   6.0631753e-01
   1.1263905e+02   3.6701246e-01   6.1007871e-01
   1.1269324e+02   1.4901427e+00   6.1383202e-01
   1.1274744e+02   1.5688493e+00   6.1646189e-01
   1.1280164e+02   4.3217870e-01   6.1684301e-01
   1.1285584e+02   1.3599686e+00   6.1748376e-01
   1.1291004e+02   2.6188152e+00   6.1903065e-01
   1.1296424e+02   2.9249293e+00   6.2027643e-01
   1.1301844e+02   2.3551580e+00   6.2053593e-01
   1.1307264e+02   2.2181150e+00   6.2002377e-01
   1.1312683e+02   2.4977753e+00   6.2059230e-01
   1.1318103e+02   2.7037320e+00   6.2153541e-01
   1.1323523e+02   2.9646922e+00   6.2221891e-01
   1.1328943e+02   3.4058321e+00   6.2479023e-01
   1.1334363e+02   3.7227805e+00   6.2509859e-01
   1.1339783e+02   3.9273655e+00   6.2030411e-01
   1.1345203e+02   4.4231225e+00   6.1288026e-01
   1.1350623e+02   5.1780149e+00   6.0501539e-01
   1.1356043e+02   5.8063452e+00   6.0034660e-01
   1.1361462e+02   5.5426307e+00   5.9793199e-01
   1.1366882e+02   4.0733102e+00   5.9864713e-01
   1.1372302e+02   2.7421245e+00   5.9976446e-01
   1.1377722e+02   2.0458703e+00   5.9604433e-01
   1.1383142e+02   1.9172472e+00   5.8831553e-01
   1.1388562e+02   2.3081285e+00   5.8139570e-01
   1.1393982e+02   2.6950306e+00   5.7690792e-01
   1.1399402e+02   2.4275442e+00   5.7237040e-01
   1.1404821e+02   1.7594002e+00   5.6753539e-01
   1.1410241e+02   2.7207408e+00   5.6501946e-01
   1.1415661e+02   3.8481678e+00   5.6027238e-01
   1.1420695e+02   4.4458490e+00   5.5143457e-01
   1.1424759e+02   4.6179226e+00   5.4316899e-01
   1.1428824e+02   4.6580086e+00   5.3407359e-01
   1.1432888e+02   4.6074376e+00   5.2456752e-01
   1.1436952e+02   4.7661518e+00   5.1584972e-01
   1.1441017e+02   5.3259500e+00   5.0820162e-01
   1.1445081e+02   6.2941748e+00   5.0136159e-01
   1.1449145e+02   7.6759005e+00   4.9464977e-01
   1.1453210e+02   9.5575195e+00   4.8781146e-01
   1.1457274e+02   1.1970417e+01   4.8133245e-01
   1.1461339e+02   1.4740920e+01   4.7568856e-01
   1.1465403e+02   1.7386154e+01   4.7150321e-01
   1.1469467e+02   1.9440690e+01   4.6955596e-01
   1.1473532e+02   2.0745646e+01   4.6944038e-01
   1.1477596e+02   2.1419919e+01   4.6954816e-01
   1.1481660e+02   2.1659322e+01   4.6849406e-01
   1.1485725e+02   2.1552763e+01   4.6562591e-01
   1.1490187e+02   2.1166304e+01   4.6062817e-01
   1.1496291e+02   2.0935764e+01   4.5234935e-01
   1.1502395e+02   2.1550375e+01   4.4361120e-01
   1.1508499e+02   2.2110166e+01   4.3460836e-01
   1.1514602e+02   2.2034485e+01   4.2633002e-01
   1.1520706e+02   2.1416397e+01   4.1875501e-01
   1.1525466e+02   2.0719786e+01   4.1304919e-01
   1.1528955e+02   2.0020820e+01   4.0992434e-01
   1.1532381e+02   1.9002436e+01   4.0838310e-01
   1.1535807e+02   1.7677028e+01   4.0895931e-01
   1.1539233e+02   1.6213785e+01   4.1126907e-01
   1.1542659e+02   1.4742468e+01   4.1367603e-01
   1.1546085e+02   1.3322099e+01   4.1487407e-01
   1.1549511e+02   1.2012385e+01   4.1476839e-01
   1.1552937e+02   1.0933024e+01   4.1388546e-01
   1.1556363e+02   1.0219893e+01   4.1269712e-01
   1.1559789e+02   9.9583369e+00   4.1156721e-01
   1.1563215e+02   1.0137986e+01   4.1106244e-01
   1.1566641e+02   1.0667627e+01   4.1189254e-01
   1.1570067e+02   1.1470286e+01   4.1414156e-01
   1.1573492e+02   1.2456003e+01   4.1714413e-01
   1.1576918e+02   1.3578480e+01   4.2054846e-01
   1.1580344e+02   1.4900855e+01   4.2437528e-01
   1.1583770e+02   1.6461986e+01   4.2846936e-01
   1.1587196e+02   1.8212496e+01   4.3271953e-01
   1.1590622e+02   2.0000988e+01   4.3726759e-01
   1.1594048e+02   2.1584664e+01   4.4226072e-01
   1.1597474e+02   2.2738034e+01   4.4748029e-01
   1.1600900e+02   2.3347228e+01   4.5233840e-01
   1.1604326e+02   2.3392816e+01   4.5618864e-01
   1.1607752e+02   2.2903427e+01   4.5854386e-01
   1.1611178e+02   2.1953393e+01   4.5930103e-01
   1.1614604e+02   2.0705936e+01   4.5880177e-01
   1.1618030e+02   1.9452128e+01   4.5762324e-01
   1.1622930e+02   1.8309127e+01   4.5601685e-01
   1.1628070e+02   1.8246444e+01   4.5562189e-01
   1.1633211e+02   1.8688160e+01   4.5641563e-01
   1.1638351e+02   1.9010053e+01   4.5701258e-01
   1.1643491e+02   1.8898422e+01   4.5598178e-01
   1.1648631e+02   1.8128719e+01   4.5383839e-01
   1.1653772e+02   1.7089588e+01   4.4867730e-01
   1.1658912e+02   1.5117712e+01   4.3698942e-01
   1.1664052e+02   1.2912327e+01   4.3428125e-01
   1.1669193e+02   1.1460565e+01   4.4200256e-01
   1.1674333e+02   1.0739740e+01   4.5077931e-01
   1.1679473e+02   1.1014425e+01   4.5641339e-01
   1.1684613e+02   1.2048123e+01   4.5934035e-01
   1.1689754e+02   1.3130104e+01   4.6200990e-01
   1.1694894e+02   1.3655154e+01   4.6573686e-01
   1.1699090e+02   1.3454408e+01   4.6985358e-01
   1.1702944e+02   1.2833091e+01   4.7530348e-01
   1.1706799e+02   1.2054347e+01   4.8263519e-01
   1.1710654e+02   1.1320913e+01   4.9114363e-01
   1.1714509e+02   1.0661134e+01   4.9949190e-01
   1.1718364e+02   1.0018832e+01   5.0671506e-01
   1.1722219e+02   9.3294020e+00   5.1276232e-01
   1.1726074e+02   8.5994657e+00   5.1733449e-01
   1.1729929e+02   7.9620378e+00   5.1935962e-01
   1.1733784e+02   7.5531947e+00   5.1820282e-01
   1.1737639e+02   7.4709088e+00   5.1408613e-01
   1.1741494e+02   7.8103262e+00   5.0748878e-01
   1.1745349e+02   8.5268719e+00   4.9920980e-01
   1.1749204e+02   9.2929245e+00   4.9041502e-01
   1.1753059e+02   9.7126198e+00   4.8284997e-01
   1.1756914e+02   9.6746989e+00   4.7879140e-01
   1.1760769e+02   9.4151822e+00   4.7725781e-01
   1.1764624e+02   8.9253287e+00   4.7558283e-01
   1.1769031e+02   7.9351247e+00   4.7244323e-01
   1.1774822e+02   6.0685486e+00   4.6792080e-01
   1.1780613e+02   4.5540531e+00   4.6480632e-01
   1.1786404e+02   4.0863731e+00   4.6511586e-01
   1.1792195e+02   4.8546586e+00   4.6894941e-01
   1.1797987e+02   5.8307123e+00   4.7309555e-01
   1.1803778e+02   5.7484585e+00   4.7652735e-01
   1.1809569e+02   4.8698811e+00   4.8088404e-01
   1.1815360e+02   4.4144602e+00   4.8600205e-01
   1.1821151e+02   4.9460444e+00   4.9111723e-01
   1.1826942e+02   5.8088109e+00   4.9560854e-01
   1.1832733e+02   5.6842977e+00   4.9703179e-01
   1.1838525e+02   5.0043049e+00   4.9609766e-01
   1.1844316e+02   5.5574927e+00   4.9350295e-01
   1.1850107e+02   6.0458677e+00   4.8549786e-01
   1.1855898e+02   5.3810378e+00   4.7245542e-01
   1.1861689e+02   5.2532815e+00   4.6069226e-01
   1.1867480e+02   6.8327947e+00   4.5247002e-01
   1.1873272e+02   8.3533576e+00   4.4561823e-01
   1.1879063e+02   8.6561888e+00   4.3860861e-01
   1.1884854e+02   7.8156350e+00   4.3063149e-01
   1.1890645e+02   6.3918140e+00   4.2244511e-01
   1.1896436e+02   4.8638621e+00   4.1591333e-01
   1.1902227e+02   3.5181309e+00   4.1101145e-01
   1.1908019e+02   2.6556549e+00   4.0975315e-01
   1.1913810e+02   2.2350245e+00   4.1460381e-01
   1.1919601e+02   2.2493796e+00   4.2393971e-01
   1.1925392e+02   2.7418813e+00   4.3377004e-01
   1.1931183e+02   3.1872844e+00   4.4109113e-01
   1.1936974e+02   3.3797645e+00   4.4726476e-01
   1.1942765e+02   3.3965636e+00   4.5366098e-01
   1.1948557e+02   3.2856686e+00   4.5950917e-01
   1.1954348e+02   3.0701632e+00   4.6388129e-01
   1.1960139e+02   2.8264672e+00   4.6663706e-01
   1.1965930e+02   2.6072202e+00   4.6783469e-01
   1.1971721e+02   2.3761070e+00   4.6806417e-01
   1.1977512e+02   2.0523350e+00   4.6801389e-01
   1.1983304e+02   1.6182271e+00   4.6756481e-01
   1.1989095e+02   1.4742444e+00   4.6609264e-01
   1.1994886e+02   1.7776854e+00   4.6289677e-01
   1.2000677e+02   2.0440719e+00   4.5793989e-01
   1.2006468e+02   2.3219092e+00   4.5492409e-01
   1.2012259e+02   2.9385997e+00   4.5582561e-01
   1.2018051e+02   2.8452722e+00   4.5982972e-01
   1.2023842e+02   1.9774148e+00   4.6595869e-01
   1.2029633e+02   2.6289043e+00   4.7112070e-01
   1.2035424e+02   3.6210210e+00   4.7123965e-01
   1.2041215e+02   4.2496637e+00   4.6659777e-01
   1.2047006e+02   4.9505970e+00   4.6078573e-01
   1.2052798e+02   5.8127932e+00   4.5743118e-01
   1.2058589e+02   5.7112916e+00   4.5895048e-01
   1.2064380e+02   4.4490960e+00   4.6654165e-01
   1.2070171e+02   3.2599465e+00   4.7396971e-01
   1.2075962e+02   2.9303279e+00   4.7576277e-01
   1.2081753e+02   3.7724570e+00   4.7024340e-01
   1.2087544e+02   5.1958558e+00   4.6191415e-01
   1.2093336e+02   5.6995068e+00   4.5823787e-01
   1.2099127e+02   4.2729103e+00   4.6214885e-01
   1.2104918e+02   2.7748040e+00   4.6827085e-01
   1.2110709e+02   1.6663521e+00   4.6950491e-01
   1.2116500e+02   6.6478654e-01   4.6634582e-01
   1.2122291e+02   1.1536371e+00   4.6073109e-01
   1.2128083e+02   2.1762456e+00   4.5694276e-01
   1.2133874e+02   1.7866189e+00   4.5872278e-01
   1.2139665e+02   7.8165056e-01   4.6632108e-01
   1.2145456e+02   1.1186008e+00   4.7409207e-01
   1.2151247e+02   4.3172359e-01   4.7739242e-01
   1.2157038e+02   1.8215163e+00   4.7632052e-01
   1.2162830e+02   4.1612472e+00   4.7432745e-01
   1.2168621e+02   5.2753401e+00   4.7324989e-01
   1.2174412e+02   4.8645157e+00   4.7408240e-01
   1.2180203e+02   4.6455816e+00   4.7516100e-01
   1.2185994e+02   4.9467996e+00   4.7645028e-01
   1.2191785e+02   5.2601798e+00   4.7819957e-01
   1.2197576e+02   5.6903335e+00   4.8105931e-01
   1.2203368e+02   5.8988205e+00   4.8293839e-01
   1.2209159e+02   5.7955220e+00   4.8140492e-01
   1.2214950e+02   5.5665434e+00   4.7506195e-01
   1.2220741e+02   6.1328363e+00   4.6466459e-01
   1.2226532e+02   7.0199556e+00   4.5342440e-01
   1.2232323e+02   6.3068162e+00   4.4864979e-01
   1.2238115e+02   4.2207902e+00   4.5125166e-01
   1.2243906e+02   3.2324005e+00   4.5332510e-01
   1.2249697e+02   2.6930990e+00   4.5145909e-01
   1.2255488e+02   2.3348547e+00   4.4536444e-01
   1.2261279e+02   2.7417197e+00   4.3752715e-01
   1.2267070e+02   2.7842892e+00   4.3166030e-01
   1.2272862e+02   2.5981304e+00   4.2758761e-01
   1.2278653e+02   4.9917405e+00   4.2677528e-01
   1.2284444e+02   6.5564285e+00   4.2650943e-01
   1.2290235e+02   6.6775374e+00   4.2180381e-01
   1.2296026e+02   6.0575050e+00   4.0939071e-01
   1.2300874e+02   6.6846297e+00   3.9471421e-01
   1.2305214e+02   7.6438371e+00   3.8032681e-01
   1.2309553e+02   7.4723509e+00   3.6837717e-01
   1.2313893e+02   5.9582022e+00   3.6024186e-01
   1.2318233e+02   4.1866985e+00   3.5456095e-01
   1.2322573e+02   3.3046477e+00   3.5013385e-01
   1.2326912e+02   3.5236420e+00   3.4684701e-01
   1.2331252e+02   4.8882263e+00   3.4390304e-01
   1.2335592e+02   7.5703946e+00   3.3916426e-01
   1.2339932e+02   1.1459723e+01   3.3007397e-01
   1.2344271e+02   1.5070399e+01   3.1764221e-01
   1.2348611e+02   1.6672605e+01   3.0673241e-01
   1.2352951e+02   1.6118089e+01   3.0006385e-01
   1.2357290e+02   1.4348554e+01   2.9729042e-01
   1.2361630e+02   1.2420629e+01   2.9753564e-01
   1.2365970e+02   1.0418700e+01   3.0100022e-01
   1.2370310e+02   8.2821270e+00   3.0562481e-01
   1.2374649e+02   6.3111225e+00   3.0946842e-01
   1.2378989e+02   4.8857612e+00   3.1171941e-01
   1.2383329e+02   4.2586015e+00   3.1222229e-01
   1.2387669e+02   4.0994937e+00   3.1141561e-01
   1.2392008e+02   3.4036159e+00   3.0958215e-01
   1.2396348e+02   2.8904237e+00   3.0627020e-01
   1.2400688e+02   5.8276936e+00   3.0222460e-01
   1.2405028e+02   1.0321286e+01   2.9927725e-01
   1.2409367e+02   1.4159021e+01   2.9725683e-01
   1.2413707e+02   1.7086751e+01   2.9539000e-01
   1.2418047e+02   1.9241403e+01   2.9343130e-01
   1.2422386e+02   2.0431752e+01   2.9059952e-01
   1.2426726e+02   2.0385938e+01   2.8617244e-01
   1.2431066e+02   1.8871903e+01   2.8088585e-01
   1.2435406e+02   1.6364443e+01   2.7769869e-01
   1.2439745e+02   1.4196589e+01   2.7828355e-01
   1.2444085e+02   1.2167259e+01   2.7969578e-01
   1.2448425e+02   9.8273217e+00   2.7860541e-01
   1.2452765e+02   7.5582221e+00   2.7398171e-01
   1.2457104e+02   7.0681402e+00   2.6786274e-01
   1.2461444e+02   7.7341935e+00   2.6097033e-01
   1.2465784e+02   7.4603536e+00   2.5415143e-01
   1.2470123e+02   6.6835358e+00   2.4912822e-01
   1.2474463e+02   6.4519176e+00   2.4653748e-01
   1.2478803e+02   6.4936373e+00   2.4550049e-01
   1.2483143e+02   6.7674994e+00   2.4350453e-01
   1.2487482e+02   6.8295965e+00   2.3840256e-01
   1.2491822e+02   5.7996306e+00   2.3444592e-01
   1.2496162e+02   5.6374700e+00   2.3241952e-01
   1.2500502e+02   6.1162294e+00   2.2990996e-01
   1.2504841e+02   6.4393755e+00   2.2594964e-01
   1.2509181e+02   6.1401614e+00   2.2193910e-01
   1.2513521e+02   4.7391545e+00   2.1807439e-01
   1.2517861e+02   2.1110600e+00   2.1409546e-01
   1.2522200e+02   2.2720854e+00   2.1086115e-01
   1.2526540e+02   5.7268400e+00   2.0856892e-01
   1.2530880e+02   8.2043809e+00   2.0633859e-01
   1.2535219e+02   9.5867597e+00   2.0391984e-01
   1.2539559e+02   1.0759644e+01   2.0028020e-01
   1.2543899e+02   1.1440470e+01   1.9407511e-01
   1.2548239e+02   1.0306402e+01   1.8769600e-01
   1.2552578e+02   6.5921947e+00   1.8373930e-01
   1.2556918e+02   4.0252600e+00   1.7881012e-01
   1.2561258e+02   8.6019873e+00   1.7139845e-01
   1.2565598e+02   1.2820353e+01   1.6390081e-01
   1.2569937e+02   1.4667013e+01   1.5838526e-01
   1.2574277e+02   1.4873080e+01   1.5508241e-01
   1.2578617e+02   1.4144282e+01   1.5310953e-01
   1.2582957e+02   1.2529054e+01   1.5163345e-01
   1.2587296e+02   9.5787395e+00   1.4999691e-01
   1.2591636e+02   5.5033377e+00   1.4716265e-01
   1.2595976e+02   5.3103988e+00   1.4415216e-01
   1.2600315e+02   1.1253344e+01   1.4334618e-01
   1.2604655e+02   1.6501057e+01   1.4531249e-01
   1.2608995e+02   1.8994105e+01   1.4763064e-01
   1.2613335e+02   1.9572978e+01   1.4792808e-01
   1.2617674e+02   1.9473132e+01   1.4620649e-01
   1.2622014e+02   2.1059919e+01   1.4309414e-01
   1.2626354e+02   2.4740455e+01   1.3764428e-01
   1.2630694e+02   2.8042515e+01   1.3045500e-01
   1.2635033e+02   2.8812898e+01   1.2405531e-01
   1.2639373e+02   2.5792201e+01   1.1983749e-01
   1.2643713e+02   1.7765122e+01   1.1758703e-01
   1.2648053e+02   5.6660544e+00   1.1746895e-01
   1.2652392e+02   2.9183064e+00   1.1919405e-01
   1.2656732e+02   2.6052844e+00   1.1948581e-01
   1.2661072e+02   4.3600636e+00   1.1545731e-01
   1.2665411e+02   1.2160811e+01   1.0939410e-01
   1.2669751e+02   1.7588286e+01   1.0528571e-01
   1.2674091e+02   2.0190918e+01   1.0431260e-01
   1.2678431e+02   2.0313857e+01   1.0623138e-01
   1.2682770e+02   1.7611269e+01   1.1011821e-01
   1.2687110e+02   1.2464984e+01   1.1452279e-01
   1.2691450e+02   9.8754514e+00   1.1812992e-01
   1.2695790e+02   1.2669296e+01   1.2001889e-01
   1.2700129e+02   1.4657673e+01   1.1994281e-01
   1.2704469e+02   1.4860104e+01   1.1815438e-01
   1.2708809e+02   1.4172546e+01   1.1521190e-01
   1.2713148e+02   1.3423954e+01   1.1246352e-01
   1.2717488e+02   1.3311776e+01   1.1149866e-01
   1.2721828e+02   1.3425181e+01   1.1258900e-01
   1.2726168e+02   1.1880397e+01   1.1388864e-01
   1.2730507e+02   7.6124397e+00   1.1339954e-01
   1.2734847e+02   1.6998617e+00   1.1131938e-01
   1.2739187e+02   4.7046931e+00   1.0945674e-01
   1.2743527e+02   9.1200379e+00   1.0900997e-01
   1.2747866e+02   1.1353526e+01   1.0919371e-01
   1.2752206e+02   1.1895141e+01   1.0827929e-01
   1.2756546e+02   1.2393882e+01   1.0552131e-01
   1.2760886e+02   1.4252068e+01   1.0196208e-01
   1.2765225e+02   1.6068835e+01   9.9611413e-02
   1.2769565e+02   1.6161121e+01   9.8825112e-02
   1.2773905e+02   1.5328536e+01   9.8051781e-02
   1.2778244e+02   1.5433402e+01   9.6705465e-02
   1.2782584e+02   1.6456844e+01   9.6256946e-02
   1.2786924e+02   1.7799947e+01   9.8382405e-02
   1.2791264e+02   1.8658194e+01   1.0265106e-01
   1.2795603e+02   1.6815340e+01   1.0532569e-01
   1.2799943e+02   1.2332215e+01   1.0381266e-01
   1.2804283e+02   7.2824507e+00   1.0021491e-01
   1.2808623e+02   3.7522915e+00   9.8958355e-02
   1.2812962e+02   5.9977954e+00   1.0104181e-01
   1.2817302e+02   6.8180137e+00   1.0247158e-01
   1.2821642e+02   8.8528470e+00   9.9375248e-02
   1.2825982e+02   1.5922207e+01   9.3724006e-02
   1.2830321e+02   2.1434610e+01   9.0275723e-02
   1.2834661e+02   2.3001703e+01   9.1292047e-02
   1.2839001e+02   2.0053751e+01   9.4475065e-02
   1.2843340e+02   1.3684439e+01   9.6407640e-02
   1.2847680e+02   1.0170103e+01   9.7127800e-02
   1.2852020e+02   1.5652383e+01   9.9816266e-02
   1.2856360e+02   1.8847421e+01   1.0452459e-01
   1.2860699e+02   1.6948117e+01   1.0742049e-01
   1.2865039e+02   1.2745549e+01   1.0612820e-01
   1.2869379e+02   1.1000237e+01   1.0251618e-01
   1.2873719e+02   1.5032751e+01   1.0034839e-01
   1.2878058e+02   2.0071418e+01   1.0123925e-01
   1.2882398e+02   2.1664166e+01   1.0452627e-01
   1.2886738e+02   1.8759509e+01   1.0908425e-01
   1.2891078e+02   1.1932787e+01   1.1455205e-01
   1.2895417e+02   6.2436773e+00   1.2153889e-01
   1.2899757e+02   6.7363575e+00   1.2823433e-01
   1.2904097e+02   7.0792643e+00   1.3147023e-01
   1.2908436e+02   8.1789421e+00   1.3093987e-01
   1.2912776e+02   9.5621633e+00   1.2905714e-01
   1.2917116e+02   1.0020483e+01   1.2724525e-01
   1.2921456e+02   1.0007373e+01   1.2567071e-01
   1.2925795e+02   1.1132171e+01   1.2488370e-01
   1.2930135e+02   1.3462169e+01   1.2578491e-01
   1.2934475e+02   1.4050965e+01   1.2998049e-01
   1.2938815e+02   1.1026988e+01   1.3829289e-01
   1.2943154e+02   6.2060045e+00   1.4705237e-01
   1.2947494e+02   2.4920042e+00   1.5296673e-01
   1.2951834e+02   2.5557387e+00   1.5600320e-01
   1.2956173e+02   4.1834006e+00   1.5666819e-01
   1.2960513e+02   5.1983957e+00   1.5492882e-01
   1.2964853e+02   5.5955089e+00   1.5054665e-01
   1.2969193e+02   5.9537449e+00   1.4396419e-01
   1.2973532e+02   7.9487821e+00   1.3653292e-01
   1.2977872e+02   1.2842042e+01   1.2984642e-01
   1.2982212e+02   1.8065055e+01   1.2587430e-01
   1.2986552e+02   2.0649004e+01   1.2626741e-01
   1.2990891e+02   1.8944467e+01   1.3143373e-01
   1.2995231e+02   1.5564498e+01   1.3958211e-01
   1.2999571e+02   1.3895131e+01   1.4744250e-01
   1.3003911e+02   1.3269131e+01   1.5302762e-01
   1.3008250e+02   1.2537237e+01   1.5548805e-01
   1.3012590e+02   1.1697537e+01   1.5459945e-01
   1.3016930e+02   1.1060159e+01   1.5102806e-01
   1.3021269e+02   1.0689673e+01   1.4634306e-01
   1.3025609e+02   1.0579307e+01   1.4179143e-01
   1.3029949e+02   1.0639086e+01   1.3855064e-01
   1.3034289e+02   1.0216698e+01   1.3860732e-01
   1.3038628e+02   8.9043006e+00   1.4238400e-01
   1.3042968e+02   6.7562012e+00   1.4832346e-01
   1.3047308e+02   5.0651938e+00   1.5468117e-01
   1.3051648e+02   4.9238753e+00   1.5939874e-01
   1.3055987e+02   4.4970276e+00   1.6093104e-01
   1.3060327e+02   3.1438786e+00   1.5957070e-01
   1.3064667e+02   2.3017236e+00   1.5664119e-01
   1.3069007e+02   4.4128369e+00   1.5346007e-01
   1.3073346e+02   7.2022750e+00   1.5071858e-01
   1.3077686e+02   8.5339720e+00   1.4869743e-01
   1.3082026e+02   7.2089905e+00   1.4833943e-01
   1.3086365e+02   4.5749078e+00   1.5085501e-01
   1.3090705e+02   4.1587199e+00   1.5470468e-01
   1.3095045e+02   3.5736673e+00   1.5761597e-01
   1.3099385e+02   3.4477277e+00   1.6033462e-01
   1.3103724e+02   7.8843449e+00   1.6321573e-01
   1.3108064e+02   1.1798838e+01   1.6339288e-01
   1.3112404e+02   1.3314392e+01   1.5993951e-01
   1.3116744e+02   1.1459278e+01   1.5562067e-01
   1.3121083e+02   7.3044731e+00   1.5269064e-01
   1.3125423e+02   8.9165734e+00   1.5114941e-01
   1.3129763e+02   1.3185961e+01   1.5119642e-01
   1.3134103e+02   1.3358020e+01   1.5305164e-01
   1.3138442e+02   1.0563749e+01   1.5774993e-01
   1.3142782e+02   1.1980110e+01   1.6397105e-01
   1.3147122e+02   1.4742274e+01   1.6841359e-01
   1.3151461e+02   1.4477111e+01   1.7084660e-01
   1.3155801e+02   1.1474139e+01   1.7238360e-01
   1.3160141e+02   8.4668274e+00   1.7409392e-01
   1.3164481e+02   8.7578509e+00   1.7537326e-01
   1.3168820e+02   1.0129425e+01   1.7464562e-01
   1.3173160e+02   1.2190584e+01   1.7350085e-01
   1.3177500e+02   1.5919881e+01   1.7324586e-01
   1.3181840e+02   1.8462427e+01   1.7436881e-01
   1.3186179e+02   1.7285642e+01   1.7729071e-01
   1.3190519e+02   1.2233897e+01   1.8095874e-01
   1.3194859e+02   6.0606835e+00   1.8325923e-01
   1.3199199e+02   2.4989971e+00   1.8335131e-01
   1.3203538e+02   4.5045634e+00   1.8199593e-01
   1.3207878e+02   6.3398234e+00   1.8036276e-01
   1.3212218e+02   7.5840330e+00   1.7965938e-01
   1.3216557e+02   8.7161471e+00   1.8035399e-01
   1.3220897e+02   9.0866266e+00   1.8178039e-01
   1.3225237e+02   8.0527939e+00   1.8390741e-01
   1.3229577e+02   6.0659940e+00   1.8712557e-01
   1.3233916e+02   4.4773481e+00   1.9027256e-01
   1.3238256e+02   4.2343335e+00   1.9222362e-01
   1.3242596e+02   5.3820428e+00   1.9346225e-01
   1.3246936e+02   7.9216722e+00   1.9524706e-01
   1.3251275e+02   1.0612027e+01   1.9779187e-01
   1.3255615e+02   1.1382141e+01   1.9962319e-01
   1.3259955e+02   9.4169326e+00   2.0168983e-01
   1.3264294e+02   5.5074170e+00   2.0472971e-01
   1.3268634e+02   1.2904728e+00   2.0784643e-01
   1.3272974e+02   1.7166606e+00   2.1067224e-01
   1.3277314e+02   2.2547164e+00   2.1333417e-01
   1.3281653e+02   9.5045276e-01   2.1645597e-01
   1.3285993e+02   4.0918862e+00   2.2011949e-01
   1.3290333e+02   6.8951501e+00   2.2195225e-01
   1.3294673e+02   7.7354516e+00   2.2099051e-01
   1.3299012e+02   6.2568751e+00   2.1880463e-01
   1.3303352e+02   2.9871250e+00   2.1645328e-01
   1.3307692e+02   4.1925953e+00   2.1404453e-01
   1.3312032e+02   7.6308119e+00   2.1218065e-01
   1.3316371e+02   8.8194389e+00   2.1186880e-01
   1.3320711e+02   7.8985516e+00   2.1350300e-01
   1.3325051e+02   7.8302020e+00   2.1690820e-01
   1.3329390e+02   9.1960111e+00   2.2053819e-01
   1.3333730e+02   9.3022678e+00   2.2261491e-01
   1.3338070e+02   7.6180071e+00   2.2299999e-01
   1.3342410e+02   4.5538486e+00   2.2232277e-01
   1.3346749e+02   1.1594920e+00   2.2132650e-01
   1.3351089e+02   2.1456783e+00   2.2068121e-01
   1.3355429e+02   3.3427690e+00   2.2035915e-01
   1.3359769e+02   3.9293549e+00   2.2089240e-01
   1.3364108e+02   5.3773155e+00   2.2297268e-01
   1.3368448e+02   6.7405609e+00   2.2575771e-01
   1.3372788e+02   6.4833397e+00   2.2780295e-01
   1.3377128e+02   4.6643195e+00   2.2966749e-01
   1.3381467e+02   2.4302092e+00   2.3096321e-01
   1.3385807e+02   9.3066535e-01   2.3021726e-01
   1.3390147e+02   4.9736082e-01   2.2784105e-01
   1.3394486e+02   1.1038251e+00   2.2531952e-01
   1.3398826e+02   3.0154031e+00   2.2395082e-01
   1.3403166e+02   5.4885828e+00   2.2445986e-01
   1.3407506e+02   6.8113681e+00   2.2666792e-01
   1.3411845e+02   5.4926960e+00   2.2966518e-01
   1.3416185e+02   2.3776322e+00   2.3342286e-01
   1.3420525e+02   1.5402827e+00   2.3585663e-01
   1.3424865e+02   2.7391395e+00   2.3579704e-01
   1.3429204e+02   2.2436610e+00   2.3430253e-01
   1.3433544e+02   1.5922944e-01   2.3223348e-01
   1.3437884e+02   3.0667013e+00   2.3017888e-01
   1.3442224e+02   6.1497776e+00   2.2913564e-01
   1.3446563e+02   7.3872993e+00   2.2994497e-01
   1.3450903e+02   5.5212164e+00   2.3161526e-01
   1.3455243e+02   3.2844341e+00   2.3327128e-01
   1.3459582e+02   4.9329449e+00   2.3455519e-01
   1.3463922e+02   6.0807715e+00   2.3521406e-01
   1.3468262e+02   5.7688617e+00   2.3473124e-01
   1.3472602e+02   5.2754687e+00   2.3303121e-01
   1.3476941e+02   5.8046666e+00   2.3116778e-01
   1.3481281e+02   6.6613949e+00   2.3073459e-01
   1.3485621e+02   5.8864459e+00   2.3193052e-01
   1.3489961e+02   2.7371408e+00   2.3464574e-01
   1.3494300e+02   1.4506938e+00   2.3898976e-01
   1.3498640e+02   3.8944651e+00   2.4336071e-01
   1.3502980e+02   4.8081153e+00   2.4643283e-01
   1.3507319e+02   5.8504178e+00   2.4825500e-01
   1.3511659e+02   7.9399082e+00   2.4892066e-01
   1.3515999e+02   9.3506550e+00   2.4829166e-01
   1.3520339e+02   8.6266501e+00   2.4734860e-01
   1.3524678e+02   5.7582014e+00   2.4794108e-01
   1.3529018e+02   3.0606387e+00   2.5064608e-01
   1.3533358e+02   3.3920281e+00   2.5358766e-01
   1.3537698e+02   4.7555272e+00   2.5611003e-01
   1.3542037e+02   7.6492991e+00   2.5925299e-01
   1.3546377e+02   1.0861183e+01   2.6185947e-01
   1.3550717e+02   1.2159253e+01   2.6337459e-01
   1.3555057e+02   1.0639757e+01   2.6526741e-01
   1.3559396e+02   7.0943198e+00   2.6897941e-01
   1.3563736e+02   4.0314249e+00   2.7272645e-01
   1.3568076e+02   3.2826714e+00   2.7451336e-01
   1.3572415e+02   4.3525302e+00   2.7477841e-01
   1.3576755e+02   6.5440771e+00   2.7514884e-01
   1.3581095e+02   8.9090946e+00   2.7628545e-01
   1.3585435e+02   9.4651148e+00   2.7755384e-01
   1.3589774e+02   7.4430097e+00   2.7977955e-01
   1.3594114e+02   4.1441575e+00   2.8369002e-01
   1.3598454e+02   1.6699865e+00   2.8712933e-01
   1.3602794e+02   1.3714992e+00   2.8847882e-01
   1.3607133e+02   2.3565034e+00   2.8795323e-01
   1.3611473e+02   4.6858602e+00   2.8687405e-01
   1.3615813e+02   7.2364871e+00   2.8641030e-01
   1.3620153e+02   8.0009419e+00   2.8708001e-01
   1.3624492e+02   6.2824327e+00   2.9029529e-01
   1.3628832e+02   3.5883246e+00   2.9552050e-01
   1.3633172e+02   1.7951809e+00   2.9980718e-01
   1.3637511e+02   1.6029284e+00   3.0180015e-01
   1.3641851e+02   2.5771412e+00   3.0206784e-01
   1.3646191e+02   4.5683438e+00   3.0207270e-01
   1.3650531e+02   5.9763597e+00   3.0207802e-01
   1.3654870e+02   5.6412420e+00   3.0160263e-01
   1.3659210e+02   4.0032934e+00   3.0237474e-01
   1.3663550e+02   3.4869275e+00   3.0475559e-01
   1.3667890e+02   4.0834629e+00   3.0690991e-01
   1.3672229e+02   3.5108446e+00   3.0795060e-01
   1.3676569e+02   1.4673349e+00   3.0909246e-01
   1.3680909e+02   1.7666903e+00   3.0978802e-01
   1.3685249e+02   3.4487615e+00   3.0869429e-01
   1.3689588e+02   3.7495633e+00   3.0668145e-01
   1.3693928e+02   2.2826973e+00   3.0573602e-01
   1.3698268e+02   2.5420925e-01   3.0659186e-01
   1.3702607e+02   2.1667376e+00   3.0733098e-01
   1.3706947e+02   2.3344406e+00   3.0692269e-01
   1.3711287e+02   1.0621273e+00   3.0721665e-01
   1.3715627e+02   3.0474599e+00   3.0831994e-01
   1.3719966e+02   5.2015246e+00   3.0864815e-01
   1.3724306e+02   5.7051444e+00   3.0807439e-01
   1.3728646e+02   4.0410726e+00   3.0813304e-01
   1.3732986e+02   1.1083190e+00   3.0878966e-01
   1.3737325e+02   1.8183455e+00   3.0940400e-01
   1.3741665e+02   3.1355618e+00   3.1057186e-01
   1.3746005e+02   2.0790180e+00   3.1319692e-01
   1.3750345e+02   4.4638310e-01   3.1677637e-01
   1.3754684e+02   2.6004209e+00   3.1933670e-01
   1.3759024e+02   3.6530585e+00   3.1982697e-01
   1.3763364e+02   3.2259768e+00   3.1877111e-01
   1.3767703e+02   1.2974283e+00   3.1772316e-01
   1.3772043e+02   1.8781922e+00   3.1778228e-01
   1.3776383e+02   3.8989723e+00   3.1864141e-01
   1.3780723e+02   4.3213277e+00   3.1942707e-01
   1.3785062e+02   3.1791020e+00   3.2045268e-01
   1.3789402e+02   2.0604123e+00   3.2209467e-01
   1.3793742e+02   3.1123234e+00   3.2384266e-01
   1.3798082e+02   4.0626344e+00   3.2534913e-01
   1.3802421e+02   3.6979568e+00   3.2639634e-01
   1.3806761e+02   1.8576624e+00   3.2802455e-01
   1.3811101e+02   8.0021852e-01   3.3064131e-01
   1.3815440e+02   2.6577189e+00   3.3207612e-01
   1.3819780e+02   3.7515242e+00   3.3135801e-01
   1.3824120e+02   3.7202890e+00   3.2951500e-01
   1.3828460e+02   2.4153636e+00   3.2796379e-01
   1.3832799e+02   1.6889979e+00   3.2799172e-01
   1.3837139e+02   3.5263009e+00   3.3019894e-01
   1.3841479e+02   4.1714021e+00   3.3318355e-01
   1.3845819e+02   2.8512793e+00   3.3635558e-01
   1.3850158e+02   1.7615879e+00   3.4055162e-01
   1.3854498e+02   3.2157006e+00   3.4402837e-01
   1.3858838e+02   4.1978391e+00   3.4555476e-01
   1.3863178e+02   3.8400279e+00   3.4562077e-01
   1.3867517e+02   1.9397111e+00   3.4528701e-01
   1.3871857e+02   1.4487149e+00   3.4561354e-01
   1.3876197e+02   3.9813801e+00   3.4672277e-01
   1.3880536e+02   5.2965255e+00   3.4782262e-01
   1.3884876e+02   4.9431259e+00   3.4922204e-01
   1.3889216e+02   3.4658720e+00   3.5216057e-01
   1.3893556e+02   2.9374468e+00   3.5592641e-01
   1.3897895e+02   3.4549590e+00   3.5892148e-01
   1.3902235e+02   3.4154728e+00   3.6036846e-01
   1.3906575e+02   2.6453724e+00   3.6100387e-01
   1.3910915e+02   2.6866638e+00   3.6210285e-01
   1.3915254e+02   3.5609155e+00   3.6294144e-01
   1.3919594e+02   3.9442519e+00   3.6225460e-01
   1.3923934e+02   3.4810700e+00   3.6061449e-01
   1.3928274e+02   2.9315851e+00   3.5931965e-01
   1.3932613e+02   3.8447224e+00   3.5887309e-01
   1.3936953e+02   4.9253944e+00   3.6002443e-01
   1.3941293e+02   4.3573668e+00   3.6279604e-01
   1.3945632e+02   2.2469378e+00   3.6662997e-01
   1.3949972e+02   1.0161974e+00   3.6944967e-01
   1.3954312e+02   2.3092129e+00   3.7053868e-01
   1.3958652e+02   2.9555489e+00   3.7023989e-01
   1.3962991e+02   2.4165540e+00   3.6908506e-01
   1.3967331e+02   1.6594858e+00   3.6813959e-01
   1.3971671e+02   2.9412375e+00   3.6824515e-01
   1.3976011e+02   3.6982034e+00   3.6849740e-01
   1.3980350e+02   2.9632656e+00   3.6872753e-01
   1.3984690e+02   2.7048434e+00   3.6976635e-01
   1.3989030e+02   3.9964767e+00   3.7098157e-01
   1.3993370e+02   4.8018439e+00   3.7213543e-01
   1.3997709e+02   4.0382603e+00   3.7298229e-01
   1.4002049e+02   1.6315051e+00   3.7423030e-01
   1.4006389e+02   1.1003235e+00   3.7555368e-01
   1.4010728e+02   2.8523605e+00   3.7580378e-01
   1.4015068e+02   3.1537268e+00   3.7525928e-01
   1.4019408e+02   1.7029815e+00   3.7503676e-01
   1.4023748e+02   9.4369581e-01   3.7585990e-01
   1.4028087e+02   3.2620295e+00   3.7719842e-01
   1.4032427e+02   4.2847641e+00   3.7830612e-01
   1.4036767e+02   3.7148366e+00   3.7899744e-01
   1.4041107e+02   2.3900019e+00   3.8025746e-01
   1.4045446e+02   3.2901277e+00   3.8210972e-01
   1.4049786e+02   4.4981867e+00   3.8264779e-01
   1.4054126e+02   4.5622440e+00   3.8165565e-01
   1.4058465e+02   3.2526606e+00   3.8009276e-01
   1.4062805e+02   1.3670923e+00   3.7886449e-01
   1.4067145e+02   3.6758665e+00   3.7884371e-01
   1.4071485e+02   5.6518426e+00   3.7967157e-01
   1.4075824e+02   5.6691168e+00   3.8082521e-01
   1.4080164e+02   3.9201670e+00   3.8294520e-01
   1.4084504e+02   2.9768292e+00   3.8621012e-01
   1.4088844e+02   3.7078982e+00   3.8906812e-01
   1.4093183e+02   3.8916475e+00   3.9086368e-01
   1.4097523e+02   2.9492351e+00   3.9140854e-01
   1.4101863e+02   1.7788722e+00   3.9085948e-01
   1.4106203e+02   3.4523210e+00   3.9046644e-01
   1.4110542e+02   5.4337653e+00   3.9119916e-01
   1.4114882e+02   6.0712534e+00   3.9139437e-01
   1.4119222e+02   5.5925537e+00   3.9039136e-01
   1.4123561e+02   5.2760347e+00   3.8943816e-01
   1.4127901e+02   5.8769219e+00   3.8903748e-01
   1.4132241e+02   6.3304396e+00   3.8917715e-01
   1.4136581e+02   5.7453490e+00   3.8953378e-01
   1.4140920e+02   3.6640702e+00   3.8923370e-01
   1.4145260e+02   1.1940026e+00   3.8975446e-01
   1.4149600e+02   1.6750298e+00   3.9067641e-01
   1.4153940e+02   2.3131249e+00   3.9053173e-01
   1.4158279e+02   2.0572076e+00   3.8898809e-01
   1.4162619e+02   1.1647302e+00   3.8644093e-01
   1.4166959e+02   9.4549491e-01   3.8357430e-01
   1.4171299e+02   2.9808670e+00   3.8117109e-01
   1.4175638e+02   4.7473393e+00   3.7968414e-01
   1.4179978e+02   5.1853259e+00   3.7950802e-01
   1.4184318e+02   3.8483551e+00   3.8051749e-01
   1.4188657e+02   2.5265614e+00   3.8324356e-01
   1.4192997e+02   3.3337638e+00   3.8611424e-01
   1.4197337e+02   4.2863714e+00   3.8716443e-01
   1.4201677e+02   4.6623115e+00   3.8587103e-01
   1.4206016e+02   4.3595066e+00   3.8262291e-01
   1.4210356e+02   3.2522142e+00   3.7831347e-01
   1.4214696e+02   2.5152425e+00   3.7381927e-01
   1.4219036e+02   3.6079479e+00   3.6955742e-01
   1.4223375e+02   4.5334246e+00   3.6702327e-01
   1.4227715e+02   3.7971905e+00   3.6695258e-01
   1.4232055e+02   1.7924913e+00   3.6900756e-01
   1.4236395e+02   1.2859953e+00   3.7098113e-01
   1.4240734e+02   2.3107989e+00   3.7121005e-01
   1.4245074e+02   2.5807885e+00   3.6921113e-01
   1.4249414e+02   1.9104540e+00   3.6493775e-01
   1.4253753e+02   1.0632196e+00   3.5876584e-01
   1.4258093e+02   3.3231584e+00   3.5221998e-01
   1.4262433e+02   6.0232317e+00   3.4853425e-01
   1.4266773e+02   6.9980029e+00   3.4848769e-01
   1.4271112e+02   5.7628020e+00   3.5012736e-01
   1.4275452e+02   4.3442960e+00   3.5276954e-01
   1.4279792e+02   5.1838899e+00   3.5515810e-01
   1.4284132e+02   6.4410096e+00   3.5660176e-01
   1.4288471e+02   6.6148541e+00   3.5654204e-01
   1.4292811e+02   5.1699497e+00   3.5441769e-01
   1.4297151e+02   2.6520876e+00   3.5090338e-01
   1.4301491e+02   2.9381099e+00   3.4721301e-01
   1.4305830e+02   4.2290000e+00   3.4462789e-01
   1.4310170e+02   4.0448797e+00   3.4325628e-01
   1.4314510e+02   3.4872306e+00   3.4211573e-01
   1.4318849e+02   6.0997900e+00   3.4134113e-01
   1.4323189e+02   9.7314163e+00   3.4243524e-01
   1.4327529e+02   1.1759867e+01   3.4478026e-01
   1.4331869e+02   1.2136375e+01   3.4657057e-01
   1.4336208e+02   1.1464079e+01   3.4633135e-01
   1.4340548e+02   1.0501786e+01   3.4420612e-01
   1.4344888e+02   1.0028749e+01   3.4200108e-01
   1.4349228e+02   1.0764347e+01   3.4062648e-01
   1.4353567e+02   1.1926393e+01   3.3941241e-01
   1.4357907e+02   1.2356668e+01   3.3813977e-01
   1.4362247e+02   1.1601429e+01   3.3766483e-01
   1.4366586e+02   1.0153118e+01   3.3748305e-01
   1.4370926e+02   9.0913884e+00   3.3564941e-01
   1.4375266e+02   8.7184645e+00   3.3215757e-01
   1.4379606e+02   8.7650257e+00   3.2810962e-01
   1.4383945e+02   8.7379674e+00   3.2362844e-01
   1.4388285e+02   8.1589800e+00   3.1897189e-01
   1.4392625e+02   6.6391690e+00   3.1569274e-01
   1.4396965e+02   4.1335756e+00   3.1556347e-01
   1.4401304e+02   1.9544688e+00   3.1889975e-01
   1.4405644e+02   1.7920815e+00   3.2437506e-01
   1.4409984e+02   7.7097083e-01   3.2968061e-01
   1.4414324e+02   2.3968602e+00   3.3398961e-01
   1.4418663e+02   6.1849303e+00   3.3717416e-01
   1.4423003e+02   8.8547772e+00   3.3811532e-01
   1.4427343e+02   9.9063525e+00   3.3827861e-01
   1.4431682e+02   9.6835964e+00   3.3989598e-01
   1.4436022e+02   9.3403617e+00   3.4343957e-01
   1.4440362e+02   9.3686191e+00   3.4723713e-01
   1.4444702e+02   9.2577287e+00   3.5042763e-01
   1.4449041e+02   8.7032458e+00   3.5282625e-01
   1.4453381e+02   7.5286014e+00   3.5451269e-01
   1.4457721e+02   5.9337285e+00   3.5592021e-01
   1.4462061e+02   4.3440550e+00   3.5647273e-01
   1.4466400e+02   2.8963101e+00   3.5556935e-01
   1.4470740e+02   1.9487562e+00   3.5348793e-01
   1.4475080e+02   2.6100459e+00   3.5080499e-01
   1.4479420e+02   4.4200029e+00   3.4799716e-01
   1.4483759e+02   6.4204040e+00   3.4573860e-01
   1.4488099e+02   8.1009748e+00   3.4480873e-01
   1.4492439e+02   9.0821664e+00   3.4563203e-01
   1.4496778e+02   9.1837046e+00   3.4809398e-01
   1.4501118e+02   8.5973556e+00   3.5177419e-01
   1.4505458e+02   7.8165677e+00   3.5574940e-01
   1.4509798e+02   7.0371655e+00   3.5857524e-01
   1.4514137e+02   5.9303034e+00   3.5981941e-01
   1.4518477e+02   4.0908682e+00   3.6042313e-01
   1.4522817e+02   1.8660748e+00   3.6203230e-01
   1.4527157e+02   2.1646770e+00   3.6549120e-01
   1.4531496e+02   3.3090028e+00   3.6909337e-01
   1.4535836e+02   3.1628213e+00   3.7173171e-01
   1.4540176e+02   1.7767857e+00   3.7402787e-01
   1.4544516e+02   1.1628235e+00   3.7643965e-01
   1.4548855e+02   2.4082616e+00   3.7777008e-01
   1.4553195e+02   2.8888223e+00   3.7765704e-01
   1.4557535e+02   2.5907438e+00   3.7699651e-01
   1.4561874e+02   2.3493880e+00   3.7682248e-01
   1.4566214e+02   3.1204550e+00   3.7788320e-01
   1.4570554e+02   3.8415842e+00   3.7957712e-01
   1.4574894e+02   3.3670086e+00   3.8101153e-01
   1.4579233e+02   2.6893941e+00   3.8312947e-01
   1.4583573e+02   3.3412792e+00   3.8521467e-01
   1.4587913e+02   4.0644228e+00   3.8721670e-01
   1.4592253e+02   3.8217202e+00   3.8929495e-01
   1.4596592e+02   2.9459492e+00   3.9251810e-01
   1.4600932e+02   3.0507618e+00   3.9726199e-01
   1.4605272e+02   3.6680357e+00   4.0067333e-01
   1.4609611e+02   3.9589461e+00   4.0166119e-01
   1.4613951e+02   3.8619525e+00   4.0077690e-01
   1.4618291e+02   4.0483374e+00   3.9901578e-01
   1.4622631e+02   5.4618556e+00   3.9746740e-01
   1.4626970e+02   6.6725899e+00   3.9646357e-01
   1.4631310e+02   6.6089570e+00   3.9636730e-01
   1.4635650e+02   6.4229504e+00   3.9737982e-01
   1.4639990e+02   6.5993707e+00   3.9816174e-01
   1.4644329e+02   6.5520355e+00   3.9830963e-01
   1.4648669e+02   6.0108295e+00   3.9870734e-01
   1.4653009e+02   5.2385137e+00   4.0078031e-01
   1.4657349e+02   4.5980066e+00   4.0403668e-01
   1.4661688e+02   3.8848721e+00   4.0701555e-01
   1.4666028e+02   3.2594178e+00   4.0970910e-01
   1.4670368e+02   3.7061846e+00   4.1178753e-01
   1.4674707e+02   4.3103436e+00   4.1177959e-01
   1.4679047e+02   4.0011165e+00   4.0888470e-01
   1.4683387e+02   2.4116757e+00   4.0479637e-01
   1.4687727e+02   3.4235522e-01   4.0002605e-01
   1.4692066e+02   1.6815673e+00   3.9544121e-01
   1.4696406e+02   2.2307254e+00   3.9249550e-01
   1.4700746e+02   1.5339627e+00   3.9210871e-01
   1.4705086e+02   2.4047705e+00   3.9424320e-01
   1.4709425e+02   3.9179256e+00   3.9564719e-01
   1.4713765e+02   4.6146048e+00   3.9428832e-01
   1.4718105e+02   4.5869101e+00   3.9148698e-01
   1.4722445e+02   4.7434496e+00   3.8966719e-01
   1.4726784e+02   5.1553900e+00   3.8952697e-01
   1.4731124e+02   4.6745934e+00   3.9029183e-01
   1.4735464e+02   2.9266348e+00   3.9094873e-01
   1.4739803e+02   1.7547619e+00   3.8990451e-01
   1.4744143e+02   2.8456709e+00   3.8710530e-01
   1.4748483e+02   3.2331765e+00   3.8510607e-01
   1.4752823e+02   2.4538233e+00   3.8514348e-01
   1.4757162e+02   2.9563887e+00   3.8678736e-01
   1.4761502e+02   5.0173336e+00   3.8942457e-01
   1.4765842e+02   6.1324483e+00   3.9188993e-01
   1.4770182e+02   5.6673190e+00   3.9333322e-01
   1.4774521e+02   4.3625627e+00   3.9435587e-01
   1.4778861e+02   3.9601502e+00   3.9559293e-01
   1.4783201e+02   4.0481015e+00   3.9724868e-01
   1.4787541e+02   3.4627949e+00   3.9826093e-01
   1.4791880e+02   3.1365201e+00   3.9818486e-01
   1.4796220e+02   4.4619054e+00   3.9698128e-01
   1.4800560e+02   5.6342162e+00   3.9461247e-01
   1.4804899e+02   5.6440928e+00   3.9182689e-01
